RootBone: 52
BoneCount: 211
BoneName: mixamorig:Hips
BoneIndex: 0
BoneParentIndex: 52
BoneChildrenCount: 3
54
145
154
1.000000 0.000000 -0.000000 0.000000
0.000000 1.000000 -0.000000 0.000000
-0.000000 -0.000000 1.000000 -0.000000
0.000029 0.965441 -0.059614 1.000000
1.000000 0.000000 -0.000000 0.000000
0.000000 1.000000 -0.000000 0.000000
-0.000000 -0.000000 1.000000 -0.000000
-0.000029 -0.965441 0.059614 1.000000
BoneName: mixamorig:Spine
BoneIndex: 1
BoneParentIndex: 55
BoneChildrenCount: 1
2
1.000000 0.000000 -0.000000 0.000000
0.000000 1.000000 -0.000000 0.000000
-0.000000 -0.000000 1.000000 -0.000000
0.000000 0.000000 -0.000000 1.000000
1.000000 0.000000 -0.000000 0.000000
0.000000 0.984346 -0.176247 0.000000
-0.000000 0.176247 0.984346 -0.000000
-0.000029 -1.015643 0.228837 1.000000
BoneName: mixamorig:Spine1
BoneIndex: 2
BoneParentIndex: 1
BoneChildrenCount: 1
3
1.000000 0.000000 -0.000000 0.000000
0.000000 1.000000 -0.000000 0.000000
-0.000000 -0.000000 1.000000 -0.000000
0.000000 0.088459 -0.000000 1.000000
1.000000 0.000000 -0.000000 0.000000
0.000000 0.984346 -0.176247 0.000000
-0.000000 0.176247 0.984346 -0.000000
-0.000029 -1.104101 0.228837 1.000000
BoneName: mixamorig:Spine2
BoneIndex: 3
BoneParentIndex: 2
BoneChildrenCount: 3
56
59
102
1.000000 0.000000 -0.000000 0.000000
0.000000 1.000000 -0.000000 0.000000
-0.000000 -0.000000 1.000000 -0.000000
0.000000 0.101096 -0.000000 1.000000
1.000000 0.000000 -0.000000 0.000000
0.000000 0.984346 -0.176247 0.000000
-0.000000 0.176247 0.984346 -0.000000
-0.000029 -1.205197 0.228837 1.000000
BoneName: mixamorig:Neck
BoneIndex: 4
BoneParentIndex: 57
BoneChildrenCount: 1
5
1.000000 0.000000 -0.000000 0.000000
0.000000 1.000000 -0.000000 0.000000
-0.000000 -0.000000 1.000000 -0.000000
0.000000 0.000000 -0.000000 1.000000
1.000000 0.000000 -0.000000 0.000000
0.000000 1.000000 0.000000 0.000000
-0.000000 -0.000000 1.000000 -0.000000
-0.000029 -1.338615 -0.007203 1.000000
BoneName: mixamorig:Head
BoneIndex: 5
BoneParentIndex: 4
BoneChildrenCount: 1
58
1.000000 0.000000 -0.000000 0.000000
0.000000 1.000000 -0.000000 0.000000
-0.000000 -0.000000 1.000000 -0.000000
0.000000 0.088591 -0.027006 1.000000
1.000000 0.000000 -0.000000 0.000000
0.000000 1.000000 0.000000 0.000000
-0.000000 -0.000000 1.000000 -0.000000
-0.000029 -1.427206 0.019803 1.000000
BoneName: mixamorig:LeftShoulder
BoneIndex: 6
BoneParentIndex: 60
BoneChildrenCount: 1
61
1.000000 0.000000 -0.000000 0.000000
0.000000 1.000000 -0.000000 0.000000
-0.000000 -0.000000 1.000000 -0.000000
0.000000 0.000000 -0.000000 1.000000
-0.052992 0.924598 0.377241 0.000000
-0.174892 -0.380526 0.908082 0.000000
0.983160 -0.017856 0.181870 -0.000000
0.227161 0.457058 -1.218157 1.000000
BoneName: mixamorig:LeftArm
BoneIndex: 7
BoneParentIndex: 62
BoneChildrenCount: 1
63
1.000000 0.000000 -0.000000 0.000000
0.000000 1.000000 -0.000000 0.000000
-0.000000 -0.000000 1.000000 -0.000000
0.000000 0.000000 -0.000000 1.000000
-0.079157 0.994890 0.062682 0.000000
-0.164045 -0.075022 0.983596 0.000000
0.983272 0.067576 0.169145 -0.000000
0.216765 -0.038414 -1.272575 1.000000
BoneName: mixamorig:LeftForeArm
BoneIndex: 8
BoneParentIndex: 64
BoneChildrenCount: 1
65
1.000000 0.000000 -0.000000 0.000000
0.000000 1.000000 -0.000000 0.000000
-0.000000 -0.000000 1.000000 -0.000000
0.000000 0.000000 -0.000000 1.000000
0.038294 0.998795 0.030703 0.000000
-0.171724 -0.023690 0.984860 0.000000
0.984401 -0.042987 0.170610 -0.000000
0.189091 -0.287297 -1.264020 1.000000
BoneName: mixamorig:LeftHand
BoneIndex: 9
BoneParentIndex: 66
BoneChildrenCount: 5
67
74
81
88
95
1.000000 0.000000 -0.000000 0.000000
0.000000 1.000000 -0.000000 0.000000
-0.000000 -0.000000 1.000000 -0.000000
0.000000 0.000000 -0.000000 1.000000
-0.028578 0.998351 0.049791 0.000000
-0.018736 -0.050337 0.998556 0.000000
0.999416 0.027603 0.020144 -0.000000
0.034721 -0.520650 -1.291648 1.000000
BoneName: mixamorig:LeftHandThumb1
BoneIndex: 10
BoneParentIndex: 68
BoneChildrenCount: 1
69
1.000000 0.000000 -0.000000 0.000000
0.000000 1.000000 -0.000000 0.000000
-0.000000 -0.000000 1.000000 -0.000000
0.000000 0.000000 -0.000000 1.000000
0.525525 0.807060 0.269216 0.000000
-0.043345 -0.290625 0.955855 0.000000
0.849673 -0.513995 -0.117749 -0.000000
-0.248099 -0.145960 -1.365263 1.000000
BoneName: mixamorig:LeftHandThumb2
BoneIndex: 11
BoneParentIndex: 70
BoneChildrenCount: 1
71
1.000000 0.000000 -0.000000 0.000000
0.000000 1.000000 -0.000000 0.000000
-0.000000 -0.000000 1.000000 -0.000000
0.000000 0.000000 -0.000000 1.000000
0.525525 0.748881 0.403733 0.000000
-0.043345 -0.450362 0.891793 0.000000
0.849673 -0.486159 -0.204217 -0.000000
-0.240563 0.055769 -1.376110 1.000000
BoneName: mixamorig:LeftHandThumb3
BoneIndex: 12
BoneParentIndex: 72
BoneChildrenCount: 1
73
1.000000 0.000000 -0.000000 0.000000
0.000000 1.000000 -0.000000 0.000000
-0.000000 -0.000000 1.000000 -0.000000
0.000000 0.000000 -0.000000 1.000000
0.525525 0.788680 0.319071 0.000000
-0.043345 -0.349727 0.935848 0.000000
0.849673 -0.505642 -0.149606 -0.000000
-0.242656 -0.127269 -1.370421 1.000000
BoneName: mixamorig:LeftHandIndex1
BoneIndex: 13
BoneParentIndex: 75
BoneChildrenCount: 1
76
1.000000 0.000000 -0.000000 0.000000
0.000000 1.000000 -0.000000 0.000000
-0.000000 -0.000000 1.000000 -0.000000
0.000000 0.000000 -0.000000 1.000000
0.096972 0.990884 0.093516 0.000000
-0.024907 -0.091513 0.995493 0.000000
0.994976 -0.098864 0.015806 -0.000000
-0.007840 -0.566108 -1.316665 1.000000
BoneName: mixamorig:LeftHandIndex2
BoneIndex: 14
BoneParentIndex: 77
BoneChildrenCount: 1
78
1.000000 0.000000 -0.000000 0.000000
0.000000 1.000000 -0.000000 0.000000
-0.000000 -0.000000 1.000000 -0.000000
0.000000 0.000000 -0.000000 1.000000
0.096972 0.962906 0.251809 0.000000
-0.024907 -0.250574 0.967777 0.000000
0.994975 -0.100119 -0.000316 -0.000000
-0.007975 -0.378533 -1.395806 1.000000
BoneName: mixamorig:LeftHandIndex3
BoneIndex: 15
BoneParentIndex: 79
BoneChildrenCount: 1
80
1.000000 0.000000 -0.000000 0.000000
0.000000 1.000000 -0.000000 0.000000
-0.000000 -0.000000 1.000000 -0.000000
0.000000 0.000000 -0.000000 1.000000
0.096972 0.956838 0.273965 0.000000
-0.024907 -0.272843 0.961736 0.000000
0.994975 -0.100085 -0.002626 -0.000000
-0.007915 -0.375417 -1.404844 1.000000
BoneName: mixamorig:LeftHandMiddle1
BoneIndex: 16
BoneParentIndex: 82
BoneChildrenCount: 1
83
1.000000 0.000000 -0.000000 0.000000
0.000000 1.000000 -0.000000 0.000000
-0.000000 -0.000000 1.000000 -0.000000
0.000000 0.000000 -0.000000 1.000000
0.044375 0.990601 0.129388 0.000000
-0.022361 -0.128498 0.991458 0.000000
0.998765 -0.046890 0.016448 -0.000000
-0.000939 -0.519019 -1.340221 1.000000
BoneName: mixamorig:LeftHandMiddle2
BoneIndex: 17
BoneParentIndex: 84
BoneChildrenCount: 1
85
1.000000 0.000000 -0.000000 0.000000
0.000000 1.000000 -0.000000 0.000000
-0.000000 -0.000000 1.000000 -0.000000
0.000000 0.000000 -0.000000 1.000000
0.044375 0.949783 0.309748 0.000000
-0.022361 -0.309031 0.950789 0.000000
0.998765 -0.049118 0.007524 -0.000000
-0.000988 -0.297447 -1.419359 1.000000
BoneName: mixamorig:LeftHandMiddle3
BoneIndex: 18
BoneParentIndex: 86
BoneChildrenCount: 1
87
1.000000 0.000000 -0.000000 0.000000
0.000000 1.000000 -0.000000 0.000000
-0.000000 -0.000000 1.000000 -0.000000
0.000000 0.000000 -0.000000 1.000000
0.044375 0.995946 0.078248 0.000000
-0.022361 -0.077315 0.996756 0.000000
0.998765 -0.045981 0.018839 -0.000000
-0.000857 -0.653865 -1.302294 1.000000
BoneName: mixamorig:LeftHandRing1
BoneIndex: 19
BoneParentIndex: 89
BoneChildrenCount: 1
90
1.000000 0.000000 -0.000000 0.000000
0.000000 1.000000 -0.000000 0.000000
-0.000000 -0.000000 1.000000 -0.000000
0.000000 0.000000 -0.000000 1.000000
-0.024205 0.983367 0.180011 0.000000
-0.018956 -0.180483 0.983395 0.000000
0.999527 0.020391 0.023010 -0.000000
0.020100 -0.451502 -1.365035 1.000000
BoneName: mixamorig:LeftHandRing2
BoneIndex: 20
BoneParentIndex: 91
BoneChildrenCount: 1
92
1.000000 0.000000 -0.000000 0.000000
0.000000 1.000000 -0.000000 0.000000
-0.000000 -0.000000 1.000000 -0.000000
0.000000 0.000000 -0.000000 1.000000
-0.024205 0.941029 0.337460 0.000000
-0.018956 -0.337930 0.940980 0.000000
0.999527 0.016379 0.026018 -0.000000
0.020082 -0.252622 -1.425050 1.000000
BoneName: mixamorig:LeftHandRing3
BoneIndex: 21
BoneParentIndex: 93
BoneChildrenCount: 1
94
1.000000 0.000000 -0.000000 0.000000
0.000000 1.000000 -0.000000 0.000000
-0.000000 -0.000000 1.000000 -0.000000
0.000000 0.000000 -0.000000 1.000000
-0.024205 0.992512 0.119725 0.000000
-0.018956 -0.120195 0.992569 0.000000
0.999527 0.021756 0.021724 -0.000000
0.020138 -0.590423 -1.326974 1.000000
BoneName: mixamorig:LeftHandPinky1
BoneIndex: 22
BoneParentIndex: 96
BoneChildrenCount: 1
97
1.000000 0.000000 -0.000000 0.000000
0.000000 1.000000 -0.000000 0.000000
-0.000000 -0.000000 1.000000 -0.000000
0.000000 0.000000 -0.000000 1.000000
-0.015174 0.997350 0.071151 0.000000
-0.019410 -0.071440 0.997256 0.000000
0.999696 0.013751 0.020443 -0.000000
-0.007408 -0.591109 -1.303098 1.000000
BoneName: mixamorig:LeftHandPinky2
BoneIndex: 23
BoneParentIndex: 98
BoneChildrenCount: 1
99
1.000000 0.000000 -0.000000 0.000000
0.000000 1.000000 -0.000000 0.000000
-0.000000 -0.000000 1.000000 -0.000000
0.000000 0.000000 -0.000000 1.000000
-0.015174 0.939327 0.342687 0.000000
-0.019410 -0.342938 0.939157 0.000000
0.999696 0.007599 0.023436 -0.000000
-0.007462 -0.234463 -1.422423 1.000000
BoneName: mixamorig:LeftHandPinky3
BoneIndex: 24
BoneParentIndex: 100
BoneChildrenCount: 1
101
1.000000 0.000000 -0.000000 0.000000
0.000000 1.000000 -0.000000 0.000000
-0.000000 -0.000000 1.000000 -0.000000
0.000000 0.000000 -0.000000 1.000000
-0.015174 0.987378 0.157655 0.000000
-0.019410 -0.157934 0.987259 0.000000
0.999696 0.011921 0.021562 -0.000000
-0.007398 -0.523163 -1.347485 1.000000
BoneName: mixamorig:RightShoulder
BoneIndex: 25
BoneParentIndex: 103
BoneChildrenCount: 1
104
1.000000 0.000000 -0.000000 0.000000
0.000000 1.000000 -0.000000 0.000000
-0.000000 -0.000000 1.000000 -0.000000
0.000000 0.000000 -0.000000 1.000000
-0.089947 -0.924598 -0.370173 0.000000
0.172526 -0.380526 0.908535 0.000000
-0.980890 0.017856 0.193744 -0.000000
-0.224225 0.456855 -1.218784 1.000000
BoneName: mixamorig:RightArm
BoneIndex: 26
BoneParentIndex: 105
BoneChildrenCount: 1
106
1.000000 0.000000 -0.000000 0.000000
0.000000 1.000000 -0.000000 0.000000
-0.000000 -0.000000 1.000000 -0.000000
0.000000 0.000000 -0.000000 1.000000
-0.057508 -0.996195 -0.065481 0.000000
0.185748 -0.075120 0.979722 0.000000
-0.980913 0.044179 0.189361 -0.000000
-0.236825 -0.038517 -1.269013 1.000000
BoneName: mixamorig:RightForeArm
BoneIndex: 27
BoneParentIndex: 107
BoneChildrenCount: 1
108
1.000000 0.000000 -0.000000 0.000000
0.000000 1.000000 -0.000000 0.000000
-0.000000 -0.000000 1.000000 -0.000000
0.000000 0.000000 -0.000000 1.000000
0.040224 -0.998678 -0.031993 0.000000
0.192206 -0.023688 0.981069 0.000000
-0.980530 -0.045612 0.190999 -0.000000
-0.213913 -0.287129 -1.260090 1.000000
BoneName: mixamorig:RightHand
BoneIndex: 28
BoneParentIndex: 109
BoneChildrenCount: 5
110
117
124
131
138
1.000000 0.000000 -0.000000 0.000000
0.000000 1.000000 -0.000000 0.000000
-0.000000 -0.000000 1.000000 -0.000000
0.000000 0.000000 -0.000000 1.000000
-0.030641 -0.998262 -0.050336 0.000000
0.023553 -0.051066 0.998417 0.000000
-0.999253 0.029407 0.025077 -0.000000
-0.042051 -0.519628 -1.291815 1.000000
BoneName: mixamorig:RightHandThumb1
BoneIndex: 29
BoneParentIndex: 111
BoneChildrenCount: 1
112
1.000000 0.000000 -0.000000 0.000000
0.000000 1.000000 -0.000000 0.000000
-0.000000 -0.000000 1.000000 -0.000000
0.000000 0.000000 -0.000000 1.000000
0.559257 -0.785649 -0.264551 0.000000
0.048980 -0.287249 0.956603 0.000000
-0.827546 -0.547944 -0.122165 -0.000000
0.261818 -0.137871 -1.363443 1.000000
BoneName: mixamorig:RightHandThumb2
BoneIndex: 30
BoneParentIndex: 113
BoneChildrenCount: 1
114
1.000000 0.000000 -0.000000 0.000000
0.000000 1.000000 -0.000000 0.000000
-0.000000 -0.000000 1.000000 -0.000000
0.000000 0.000000 -0.000000 1.000000
0.559257 -0.725531 -0.401045 0.000000
0.048980 -0.454009 0.889650 0.000000
-0.827546 -0.517186 -0.218371 -0.000000
0.255317 0.073657 -1.372457 1.000000
BoneName: mixamorig:RightHandThumb3
BoneIndex: 31
BoneParentIndex: 115
BoneChildrenCount: 1
116
1.000000 0.000000 -0.000000 0.000000
0.000000 1.000000 -0.000000 0.000000
-0.000000 -0.000000 1.000000 -0.000000
0.000000 0.000000 -0.000000 1.000000
0.559257 -0.762888 -0.324398 0.000000
0.048980 -0.360223 0.931580 0.000000
-0.827546 -0.536881 -0.164091 -0.000000
0.259493 -0.100003 -1.369429 1.000000
BoneName: mixamorig:RightHandIndex1
BoneIndex: 32
BoneParentIndex: 118
BoneChildrenCount: 1
119
1.000000 0.000000 -0.000000 0.000000
0.000000 1.000000 -0.000000 0.000000
-0.000000 -0.000000 1.000000 -0.000000
0.000000 0.000000 -0.000000 1.000000
0.115403 -0.985550 -0.123986 0.000000
0.030755 -0.121215 0.992150 0.000000
-0.992843 -0.118310 0.016322 -0.000000
0.013943 -0.524737 -1.334167 1.000000
BoneName: mixamorig:RightHandIndex2
BoneIndex: 33
BoneParentIndex: 120
BoneChildrenCount: 1
121
1.000000 0.000000 -0.000000 0.000000
0.000000 1.000000 -0.000000 0.000000
-0.000000 -0.000000 1.000000 -0.000000
0.000000 0.000000 -0.000000 1.000000
0.115403 -0.963459 -0.241719 0.000000
0.030755 -0.239763 0.970344 0.000000
-0.992843 -0.119415 0.001962 -0.000000
0.014040 -0.391562 -1.391418 1.000000
BoneName: mixamorig:RightHandIndex3
BoneIndex: 34
BoneParentIndex: 122
BoneChildrenCount: 1
123
1.000000 0.000000 -0.000000 0.000000
0.000000 1.000000 -0.000000 0.000000
-0.000000 -0.000000 1.000000 -0.000000
0.000000 0.000000 -0.000000 1.000000
0.115403 -0.945561 -0.304297 0.000000
0.030755 -0.302795 0.952559 0.000000
-0.992843 -0.119287 -0.005863 -0.000000
0.014017 -0.329267 -1.416022 1.000000
BoneName: mixamorig:RightHandMiddle1
BoneIndex: 35
BoneParentIndex: 125
BoneChildrenCount: 1
126
1.000000 0.000000 -0.000000 0.000000
0.000000 1.000000 -0.000000 0.000000
-0.000000 -0.000000 1.000000 -0.000000
0.000000 0.000000 -0.000000 1.000000
0.029050 -0.996026 -0.084191 0.000000
0.026562 -0.083427 0.996160 0.000000
-0.999225 -0.031175 0.024032 -0.000000
-0.015250 -0.578083 -1.313568 1.000000
BoneName: mixamorig:RightHandMiddle2
BoneIndex: 36
BoneParentIndex: 127
BoneChildrenCount: 1
128
1.000000 0.000000 -0.000000 0.000000
0.000000 1.000000 -0.000000 0.000000
-0.000000 -0.000000 1.000000 -0.000000
0.000000 0.000000 -0.000000 1.000000
0.029050 -0.953270 -0.300720 0.000000
0.026562 -0.300005 0.953568 0.000000
-0.999225 -0.035689 0.016605 -0.000000
-0.015186 -0.309203 -1.415940 1.000000
BoneName: mixamorig:RightHandMiddle3
BoneIndex: 37
BoneParentIndex: 129
BoneChildrenCount: 1
130
1.000000 0.000000 -0.000000 0.000000
0.000000 1.000000 -0.000000 0.000000
-0.000000 -0.000000 1.000000 -0.000000
0.000000 0.000000 -0.000000 1.000000
0.029050 -0.975668 -0.217319 0.000000
0.026562 -0.216580 0.975903 0.000000
-0.999225 -0.034123 0.019624 -0.000000
-0.015241 -0.462235 -1.381198 1.000000
BoneName: mixamorig:RightHandRing1
BoneIndex: 38
BoneParentIndex: 132
BoneChildrenCount: 1
133
1.000000 0.000000 -0.000000 0.000000
0.000000 1.000000 -0.000000 0.000000
-0.000000 -0.000000 1.000000 -0.000000
0.000000 0.000000 -0.000000 1.000000
-0.025222 -0.985849 -0.165726 0.000000
0.023830 -0.166324 0.985783 0.000000
-0.999398 0.020914 0.027688 -0.000000
-0.027222 -0.469280 -1.358239 1.000000
BoneName: mixamorig:RightHandRing2
BoneIndex: 39
BoneParentIndex: 134
BoneChildrenCount: 1
135
1.000000 0.000000 -0.000000 0.000000
0.000000 1.000000 -0.000000 0.000000
-0.000000 -0.000000 1.000000 -0.000000
0.000000 0.000000 -0.000000 1.000000
-0.025222 -0.933617 -0.357384 0.000000
0.023830 -0.357958 0.933434 0.000000
-0.999398 0.015026 0.031276 -0.000000
-0.027217 -0.221195 -1.430212 1.000000
BoneName: mixamorig:RightHandRing3
BoneIndex: 40
BoneParentIndex: 136
BoneChildrenCount: 1
137
1.000000 0.000000 -0.000000 0.000000
0.000000 1.000000 -0.000000 0.000000
-0.000000 -0.000000 1.000000 -0.000000
0.000000 0.000000 -0.000000 1.000000
-0.025222 -0.999613 -0.011769 0.000000
0.023830 -0.012371 0.999639 0.000000
-0.999398 0.024932 0.024133 -0.000000
-0.027249 -0.730532 -1.254825 1.000000
BoneName: mixamorig:RightHandPinky1
BoneIndex: 41
BoneParentIndex: 139
BoneChildrenCount: 1
140
1.000000 0.000000 -0.000000 0.000000
0.000000 1.000000 -0.000000 0.000000
-0.000000 -0.000000 1.000000 -0.000000
0.000000 0.000000 -0.000000 1.000000
0.001574 -0.998136 -0.061014 0.000000
0.025188 -0.060955 0.997823 0.000000
-0.999682 -0.003107 0.025045 -0.000000
0.011802 -0.603621 -1.296838 1.000000
BoneName: mixamorig:RightHandPinky2
BoneIndex: 42
BoneParentIndex: 141
BoneChildrenCount: 1
142
1.000000 0.000000 -0.000000 0.000000
0.000000 1.000000 -0.000000 0.000000
-0.000000 -0.000000 1.000000 -0.000000
0.000000 0.000000 -0.000000 1.000000
0.001574 -0.933519 -0.358523 0.000000
0.025188 -0.358373 0.933239 0.000000
-0.999681 -0.010499 0.022949 -0.000000
0.011837 -0.210964 -1.426422 1.000000
BoneName: mixamorig:RightHandPinky3
BoneIndex: 43
BoneParentIndex: 143
BoneChildrenCount: 1
144
1.000000 0.000000 -0.000000 0.000000
0.000000 1.000000 -0.000000 0.000000
-0.000000 -0.000000 1.000000 -0.000000
0.000000 0.000000 -0.000000 1.000000
0.001574 -0.992109 -0.125368 0.000000
0.025188 -0.125289 0.991800 0.000000
-0.999681 -0.004719 0.024792 -0.000000
0.011791 -0.567226 -1.329464 1.000000
BoneName: mixamorig:LeftUpLeg
BoneIndex: 44
BoneParentIndex: 146
BoneChildrenCount: 1
147
1.000000 0.000000 -0.000000 0.000000
0.000000 1.000000 -0.000000 0.000000
-0.000000 -0.000000 1.000000 -0.000000
0.000000 0.000000 -0.000000 1.000000
-0.999771 -0.021417 -0.000000 0.000000
0.021359 -0.997084 0.073266 0.000000
-0.001569 0.073249 0.997312 -0.000000
0.076213 0.927192 -0.013737 1.000000
BoneName: mixamorig:LeftLeg
BoneIndex: 45
BoneParentIndex: 148
BoneChildrenCount: 1
149
1.000000 0.000000 -0.000000 0.000000
0.000000 1.000000 -0.000000 0.000000
-0.000000 -0.000000 1.000000 -0.000000
0.000000 0.000000 -0.000000 1.000000
-0.998666 -0.051636 0.000250 0.000000
0.051497 -0.995615 0.078091 0.000000
-0.003783 0.078000 0.996946 -0.000000
0.060450 0.522155 -0.016268 1.000000
BoneName: mixamorig:LeftFoot
BoneIndex: 46
BoneParentIndex: 150
BoneChildrenCount: 1
151
1.000000 0.000000 -0.000000 0.000000
0.000000 1.000000 -0.000000 0.000000
-0.000000 -0.000000 1.000000 -0.000000
0.000000 0.000000 -0.000000 1.000000
-0.995997 -0.087878 -0.016338 0.000000
0.057046 -0.484240 -0.873074 0.000000
0.068813 -0.870511 0.487315 -0.000000
0.059105 0.046500 0.051583 1.000000
BoneName: mixamorig:LeftToeBase
BoneIndex: 47
BoneParentIndex: 152
BoneChildrenCount: 1
153
1.000000 0.000000 -0.000000 0.000000
0.000000 1.000000 -0.000000 0.000000
-0.000000 -0.000000 1.000000 -0.000000
0.000000 0.000000 -0.000000 1.000000
-0.990679 -0.127869 0.046948 0.000000
-0.048820 0.011543 -0.998741 0.000000
0.127166 -0.991724 -0.017678 -0.000000
0.064903 -0.086343 0.001537 1.000000
BoneName: mixamorig:RightUpLeg
BoneIndex: 48
BoneParentIndex: 155
BoneChildrenCount: 1
156
1.000000 0.000000 -0.000000 0.000000
0.000000 1.000000 -0.000000 0.000000
-0.000000 -0.000000 1.000000 -0.000000
0.000000 0.000000 -0.000000 1.000000
-0.999771 0.021404 0.000000 0.000000
-0.021334 -0.996485 0.081007 0.000000
0.001734 0.080988 0.996714 -0.000000
-0.076159 0.927516 -0.015247 1.000000
BoneName: mixamorig:RightLeg
BoneIndex: 49
BoneParentIndex: 157
BoneChildrenCount: 1
158
1.000000 0.000000 -0.000000 0.000000
0.000000 1.000000 -0.000000 0.000000
-0.000000 -0.000000 1.000000 -0.000000
0.000000 0.000000 -0.000000 1.000000
-0.998664 0.051665 0.000542 0.000000
-0.051498 -0.996177 0.070566 0.000000
0.004185 0.070444 0.997507 -0.000000
-0.060371 0.522440 -0.009770 1.000000
BoneName: mixamorig:RightFoot
BoneIndex: 50
BoneParentIndex: 159
BoneChildrenCount: 1
160
1.000000 0.000000 -0.000000 0.000000
0.000000 1.000000 -0.000000 0.000000
-0.000000 -0.000000 1.000000 -0.000000
0.000000 0.000000 -0.000000 1.000000
-0.995768 0.091046 0.012556 0.000000
-0.056755 -0.501693 -0.863182 0.000000
-0.072290 -0.860241 0.504737 -0.000000
-0.059445 0.042552 0.053530 1.000000
BoneName: mixamorig:RightToeBase
BoneIndex: 51
BoneParentIndex: 161
BoneChildrenCount: 1
162
1.000000 0.000000 -0.000000 0.000000
0.000000 1.000000 -0.000000 0.000000
-0.000000 -0.000000 1.000000 -0.000000
0.000000 0.000000 -0.000000 1.000000
-0.991625 0.125096 -0.032109 0.000000
0.033784 0.011296 -0.999365 0.000000
-0.124654 -0.992080 -0.015428 -0.000000
-0.064714 -0.087651 0.002526 1.000000
BoneName: RootNode
BoneIndex: 52
BoneParentIndex: -1
BoneChildrenCount: 2
53
0
1.000000 0.000000 -0.000000 0.000000
0.000000 1.000000 -0.000000 0.000000
-0.000000 -0.000000 1.000000 -0.000000
0.000000 0.000000 -0.000000 1.000000
1.000000 0.000000 0.000000 0.000000
0.000000 1.000000 0.000000 0.000000
0.000000 0.000000 1.000000 0.000000
0.000000 0.000000 0.000000 1.000000
BoneName: Ch34
BoneIndex: 53
BoneParentIndex: 52
BoneChildrenCount: 0
1.000000 0.000000 -0.000000 0.000000
0.000000 1.000000 -0.000000 0.000000
-0.000000 -0.000000 1.000000 -0.000000
0.000000 0.000000 -0.000000 1.000000
1.000000 0.000000 0.000000 0.000000
0.000000 1.000000 0.000000 0.000000
0.000000 0.000000 1.000000 0.000000
0.000000 0.000000 0.000000 1.000000
BoneName: mixamorig:Spine_$AssimpFbx$_Translation
BoneIndex: 54
BoneParentIndex: 0
BoneChildrenCount: 1
55
1.000000 0.000000 -0.000000 0.000000
0.000000 1.000000 -0.000000 0.000000
-0.000000 -0.000000 1.000000 -0.000000
0.000000 0.074635 0.013363 1.000000
1.000000 0.000000 0.000000 0.000000
0.000000 1.000000 0.000000 0.000000
0.000000 0.000000 1.000000 0.000000
0.000000 0.000000 0.000000 1.000000
BoneName: mixamorig:Spine_$AssimpFbx$_PreRotation
BoneIndex: 55
BoneParentIndex: 54
BoneChildrenCount: 1
1
1.000000 0.000000 -0.000000 0.000000
0.000000 0.984346 0.176247 0.000000
-0.000000 -0.176247 0.984346 -0.000000
0.000000 0.000000 -0.000000 1.000000
1.000000 0.000000 0.000000 0.000000
0.000000 1.000000 0.000000 0.000000
0.000000 0.000000 1.000000 0.000000
0.000000 0.000000 0.000000 1.000000
BoneName: mixamorig:Neck_$AssimpFbx$_Translation
BoneIndex: 56
BoneParentIndex: 3
BoneChildrenCount: 1
57
1.000000 0.000000 -0.000000 0.000000
0.000000 1.000000 -0.000000 0.000000
-0.000000 -0.000000 1.000000 -0.000000
0.000000 0.113733 -0.000000 1.000000
1.000000 0.000000 0.000000 0.000000
0.000000 1.000000 0.000000 0.000000
0.000000 0.000000 1.000000 0.000000
0.000000 0.000000 0.000000 1.000000
BoneName: mixamorig:Neck_$AssimpFbx$_PreRotation
BoneIndex: 57
BoneParentIndex: 56
BoneChildrenCount: 1
4
1.000000 0.000000 -0.000000 0.000000
0.000000 0.984346 -0.176247 0.000000
-0.000000 0.176247 0.984346 -0.000000
0.000000 0.000000 -0.000000 1.000000
1.000000 0.000000 0.000000 0.000000
0.000000 1.000000 0.000000 0.000000
0.000000 0.000000 1.000000 0.000000
0.000000 0.000000 0.000000 1.000000
BoneName: mixamorig:HeadTop_End
BoneIndex: 58
BoneParentIndex: 5
BoneChildrenCount: 0
1.000000 0.000000 -0.000000 0.000000
0.000000 1.000000 -0.000000 0.000000
-0.000000 -0.000000 1.000000 -0.000000
0.000000 0.264197 -0.015283 1.000000
1.000000 0.000000 0.000000 0.000000
0.000000 1.000000 0.000000 0.000000
0.000000 0.000000 1.000000 0.000000
0.000000 0.000000 0.000000 1.000000
BoneName: mixamorig:LeftShoulder_$AssimpFbx$_Translation
BoneIndex: 59
BoneParentIndex: 3
BoneChildrenCount: 1
60
1.000000 0.000000 -0.000000 0.000000
0.000000 1.000000 -0.000000 0.000000
-0.000000 -0.000000 1.000000 -0.000000
0.048952 0.095102 0.002491 1.000000
1.000000 0.000000 0.000000 0.000000
0.000000 1.000000 0.000000 0.000000
0.000000 0.000000 1.000000 0.000000
0.000000 0.000000 0.000000 1.000000
BoneName: mixamorig:LeftShoulder_$AssimpFbx$_PreRotation
BoneIndex: 60
BoneParentIndex: 59
BoneChildrenCount: 1
6
-0.052992 0.001125 0.998594 0.000000
0.924598 -0.377716 0.049490 0.000000
0.377241 0.925921 0.018976 -0.000000
0.000000 0.000000 -0.000000 1.000000
1.000000 0.000000 0.000000 0.000000
0.000000 1.000000 0.000000 0.000000
0.000000 0.000000 1.000000 0.000000
0.000000 0.000000 0.000000 1.000000
BoneName: mixamorig:LeftArm_$AssimpFbx$_Translation
BoneIndex: 61
BoneParentIndex: 6
BoneChildrenCount: 1
62
1.000000 0.000000 -0.000000 0.000000
0.000000 1.000000 -0.000000 0.000000
-0.000000 -0.000000 1.000000 -0.000000
0.000000 0.093189 -0.000000 1.000000
1.000000 0.000000 0.000000 0.000000
0.000000 1.000000 0.000000 0.000000
0.000000 0.000000 1.000000 0.000000
0.000000 0.000000 0.000000 1.000000
BoneName: mixamorig:LeftArm_$AssimpFbx$_PreRotation
BoneIndex: 62
BoneParentIndex: 61
BoneChildrenCount: 1
7
0.999599 -0.028322 -0.000000 0.000000
0.026838 0.947214 0.319477 0.000000
-0.009048 -0.319348 0.947594 -0.000000
0.000000 0.000000 -0.000000 1.000000
1.000000 0.000000 0.000000 0.000000
0.000000 1.000000 0.000000 0.000000
0.000000 0.000000 1.000000 0.000000
0.000000 0.000000 0.000000 1.000000
BoneName: mixamorig:LeftForeArm_$AssimpFbx$_Translation
BoneIndex: 63
BoneParentIndex: 7
BoneChildrenCount: 1
64
1.000000 0.000000 -0.000000 0.000000
0.000000 1.000000 -0.000000 0.000000
-0.000000 -0.000000 1.000000 -0.000000
0.000000 0.184317 0.000000 1.000000
1.000000 0.000000 0.000000 0.000000
0.000000 1.000000 0.000000 0.000000
0.000000 0.000000 1.000000 0.000000
0.000000 0.000000 0.000000 1.000000
BoneName: mixamorig:LeftForeArm_$AssimpFbx$_PreRotation
BoneIndex: 64
BoneParentIndex: 63
BoneChildrenCount: 1
8
0.993073 0.117503 -0.000000 0.000000
-0.117443 0.992563 0.032033 0.000000
0.003764 -0.031811 0.999487 -0.000000
0.000000 0.000000 -0.000000 1.000000
1.000000 0.000000 0.000000 0.000000
0.000000 1.000000 0.000000 0.000000
0.000000 0.000000 1.000000 0.000000
0.000000 0.000000 0.000000 1.000000
BoneName: mixamorig:LeftHand_$AssimpFbx$_Translation
BoneIndex: 65
BoneParentIndex: 8
BoneChildrenCount: 1
66
1.000000 0.000000 -0.000000 0.000000
0.000000 1.000000 -0.000000 0.000000
-0.000000 -0.000000 1.000000 -0.000000
0.000000 0.266899 0.000000 1.000000
1.000000 0.000000 0.000000 0.000000
0.000000 1.000000 0.000000 0.000000
0.000000 0.000000 1.000000 0.000000
0.000000 0.000000 0.000000 1.000000
BoneName: mixamorig:LeftHand_$AssimpFbx$_PreRotation
BoneIndex: 66
BoneParentIndex: 65
BoneChildrenCount: 1
9
0.985949 -0.071061 0.151180 0.000000
0.074048 0.997153 -0.014214 0.000000
-0.149740 0.025209 0.988404 -0.000000
0.000000 0.000000 -0.000000 1.000000
1.000000 0.000000 0.000000 0.000000
0.000000 1.000000 0.000000 0.000000
0.000000 0.000000 1.000000 0.000000
0.000000 0.000000 0.000000 1.000000
BoneName: mixamorig:LeftHandThumb1_$AssimpFbx$_Translation
BoneIndex: 67
BoneParentIndex: 9
BoneChildrenCount: 1
68
1.000000 0.000000 -0.000000 0.000000
0.000000 1.000000 -0.000000 0.000000
-0.000000 -0.000000 1.000000 -0.000000
-0.031292 0.030362 -0.011481 1.000000
1.000000 0.000000 0.000000 0.000000
0.000000 1.000000 0.000000 0.000000
0.000000 0.000000 1.000000 0.000000
0.000000 0.000000 0.000000 1.000000
BoneName: mixamorig:LeftHandThumb1_$AssimpFbx$_PreRotation
BoneIndex: 68
BoneParentIndex: 67
BoneChildrenCount: 1
10
0.834971 0.550294 -0.000000 0.000000
-0.531313 0.806170 -0.260376 0.000000
-0.143283 0.217406 0.965507 -0.000000
0.000000 0.000000 -0.000000 1.000000
1.000000 0.000000 0.000000 0.000000
0.000000 1.000000 0.000000 0.000000
0.000000 0.000000 1.000000 0.000000
0.000000 0.000000 0.000000 1.000000
BoneName: mixamorig:LeftHandThumb2_$AssimpFbx$_Translation
BoneIndex: 69
BoneParentIndex: 10
BoneChildrenCount: 1
70
1.000000 0.000000 -0.000000 0.000000
0.000000 1.000000 -0.000000 0.000000
-0.000000 -0.000000 1.000000 -0.000000
-0.007536 0.035274 0.000000 1.000000
1.000000 0.000000 0.000000 0.000000
0.000000 1.000000 0.000000 0.000000
0.000000 0.000000 1.000000 0.000000
0.000000 0.000000 0.000000 1.000000
BoneName: mixamorig:LeftHandThumb2_$AssimpFbx$_PreRotation
BoneIndex: 70
BoneParentIndex: 69
BoneChildrenCount: 1
11
1.000000 0.000000 -0.000000 0.000000
0.000000 0.985162 -0.171626 0.000000
-0.000000 0.171626 0.985162 -0.000000
0.000000 0.000000 -0.000000 1.000000
1.000000 0.000000 0.000000 0.000000
0.000000 1.000000 0.000000 0.000000
0.000000 0.000000 1.000000 0.000000
0.000000 0.000000 0.000000 1.000000
BoneName: mixamorig:LeftHandThumb3_$AssimpFbx$_Translation
BoneIndex: 71
BoneParentIndex: 11
BoneChildrenCount: 1
72
1.000000 0.000000 -0.000000 0.000000
0.000000 1.000000 -0.000000 0.000000
-0.000000 -0.000000 1.000000 -0.000000
0.002092 0.031807 0.000000 1.000000
1.000000 0.000000 0.000000 0.000000
0.000000 1.000000 0.000000 0.000000
0.000000 0.000000 1.000000 0.000000
0.000000 0.000000 0.000000 1.000000
BoneName: mixamorig:LeftHandThumb3_$AssimpFbx$_PreRotation
BoneIndex: 72
BoneParentIndex: 71
BoneChildrenCount: 1
12
1.000000 0.000000 -0.000000 0.000000
0.000000 0.993955 0.109793 0.000000
-0.000000 -0.109793 0.993955 -0.000000
0.000000 0.000000 -0.000000 1.000000
1.000000 0.000000 0.000000 0.000000
0.000000 1.000000 0.000000 0.000000
0.000000 0.000000 1.000000 0.000000
0.000000 0.000000 0.000000 1.000000
BoneName: mixamorig:LeftHandThumb4
BoneIndex: 73
BoneParentIndex: 12
BoneChildrenCount: 0
1.000000 0.000000 -0.000000 0.000000
0.000000 1.000000 -0.000000 0.000000
-0.000000 -0.000000 1.000000 -0.000000
0.005444 0.025213 -0.000000 1.000000
1.000000 0.000000 0.000000 0.000000
0.000000 1.000000 0.000000 0.000000
0.000000 0.000000 1.000000 0.000000
0.000000 0.000000 0.000000 1.000000
BoneName: mixamorig:LeftHandIndex1_$AssimpFbx$_Translation
BoneIndex: 74
BoneParentIndex: 9
BoneChildrenCount: 1
75
1.000000 0.000000 -0.000000 0.000000
0.000000 1.000000 -0.000000 0.000000
-0.000000 -0.000000 1.000000 -0.000000
-0.035773 0.098940 -0.001189 1.000000
1.000000 0.000000 0.000000 0.000000
0.000000 1.000000 0.000000 0.000000
0.000000 0.000000 1.000000 0.000000
0.000000 0.000000 0.000000 1.000000
BoneName: mixamorig:LeftHandIndex1_$AssimpFbx$_PreRotation
BoneIndex: 75
BoneParentIndex: 74
BoneChildrenCount: 1
13
0.992090 0.125530 -0.000000 0.000000
-0.125409 0.991127 -0.044035 0.000000
-0.005528 0.043687 0.999030 -0.000000
0.000000 0.000000 -0.000000 1.000000
1.000000 0.000000 0.000000 0.000000
0.000000 1.000000 0.000000 0.000000
0.000000 0.000000 1.000000 0.000000
0.000000 0.000000 0.000000 1.000000
BoneName: mixamorig:LeftHandIndex2_$AssimpFbx$_Translation
BoneIndex: 76
BoneParentIndex: 13
BoneChildrenCount: 1
77
1.000000 0.000000 -0.000000 0.000000
0.000000 1.000000 -0.000000 0.000000
-0.000000 -0.000000 1.000000 -0.000000
0.000135 0.032186 0.000000 1.000000
1.000000 0.000000 0.000000 0.000000
0.000000 1.000000 0.000000 0.000000
0.000000 0.000000 1.000000 0.000000
0.000000 0.000000 0.000000 1.000000
BoneName: mixamorig:LeftHandIndex2_$AssimpFbx$_PreRotation
BoneIndex: 77
BoneParentIndex: 76
BoneChildrenCount: 1
14
1.000000 0.000000 -0.000000 0.000000
0.000000 0.986958 -0.160980 0.000000
-0.000000 0.160980 0.986958 -0.000000
0.000000 0.000000 -0.000000 1.000000
1.000000 0.000000 0.000000 0.000000
0.000000 1.000000 0.000000 0.000000
0.000000 0.000000 1.000000 0.000000
0.000000 0.000000 0.000000 1.000000
BoneName: mixamorig:LeftHandIndex3_$AssimpFbx$_Translation
BoneIndex: 78
BoneParentIndex: 14
BoneChildrenCount: 1
79
1.000000 0.000000 -0.000000 0.000000
0.000000 1.000000 -0.000000 0.000000
-0.000000 -0.000000 1.000000 -0.000000
-0.000060 0.029207 -0.000000 1.000000
1.000000 0.000000 0.000000 0.000000
0.000000 1.000000 0.000000 0.000000
0.000000 0.000000 1.000000 0.000000
0.000000 0.000000 0.000000 1.000000
BoneName: mixamorig:LeftHandIndex3_$AssimpFbx$_PreRotation
BoneIndex: 79
BoneParentIndex: 78
BoneChildrenCount: 1
15
1.000000 0.000000 -0.000000 0.000000
0.000000 0.999734 -0.023080 0.000000
-0.000000 0.023080 0.999734 -0.000000
0.000000 0.000000 -0.000000 1.000000
1.000000 0.000000 0.000000 0.000000
0.000000 1.000000 0.000000 0.000000
0.000000 0.000000 1.000000 0.000000
0.000000 0.000000 0.000000 1.000000
BoneName: mixamorig:LeftHandIndex4
BoneIndex: 80
BoneParentIndex: 15
BoneChildrenCount: 0
1.000000 0.000000 -0.000000 0.000000
0.000000 1.000000 -0.000000 0.000000
-0.000000 -0.000000 1.000000 -0.000000
-0.000075 0.025371 -0.000000 1.000000
1.000000 0.000000 0.000000 0.000000
0.000000 1.000000 0.000000 0.000000
0.000000 0.000000 1.000000 0.000000
0.000000 0.000000 0.000000 1.000000
BoneName: mixamorig:LeftHandMiddle1_$AssimpFbx$_Translation
BoneIndex: 81
BoneParentIndex: 9
BoneChildrenCount: 1
82
1.000000 0.000000 -0.000000 0.000000
0.000000 1.000000 -0.000000 0.000000
-0.000000 -0.000000 1.000000 -0.000000
-0.009928 0.102241 0.002797 1.000000
1.000000 0.000000 0.000000 0.000000
0.000000 1.000000 0.000000 0.000000
0.000000 0.000000 1.000000 0.000000
0.000000 0.000000 0.000000 1.000000
BoneName: mixamorig:LeftHandMiddle1_$AssimpFbx$_PreRotation
BoneIndex: 82
BoneParentIndex: 81
BoneChildrenCount: 1
16
0.997332 0.072997 -0.000000 0.000000
-0.072764 0.994141 -0.079935 0.000000
-0.005835 0.079721 0.996800 -0.000000
0.000000 0.000000 -0.000000 1.000000
1.000000 0.000000 0.000000 0.000000
0.000000 1.000000 0.000000 0.000000
0.000000 0.000000 1.000000 0.000000
0.000000 0.000000 0.000000 1.000000
BoneName: mixamorig:LeftHandMiddle2_$AssimpFbx$_Translation
BoneIndex: 83
BoneParentIndex: 16
BoneChildrenCount: 1
84
1.000000 0.000000 -0.000000 0.000000
0.000000 1.000000 -0.000000 0.000000
-0.000000 -0.000000 1.000000 -0.000000
0.000049 0.034932 -0.000000 1.000000
1.000000 0.000000 0.000000 0.000000
0.000000 1.000000 0.000000 0.000000
0.000000 0.000000 1.000000 0.000000
0.000000 0.000000 0.000000 1.000000
BoneName: mixamorig:LeftHandMiddle2_$AssimpFbx$_PreRotation
BoneIndex: 84
BoneParentIndex: 83
BoneChildrenCount: 1
17
1.000000 0.000000 -0.000000 0.000000
0.000000 0.982868 -0.184308 0.000000
-0.000000 0.184308 0.982868 -0.000000
0.000000 0.000000 -0.000000 1.000000
1.000000 0.000000 0.000000 0.000000
0.000000 1.000000 0.000000 0.000000
0.000000 0.000000 1.000000 0.000000
0.000000 0.000000 0.000000 1.000000
BoneName: mixamorig:LeftHandMiddle3_$AssimpFbx$_Translation
BoneIndex: 85
BoneParentIndex: 17
BoneChildrenCount: 1
86
1.000000 0.000000 -0.000000 0.000000
0.000000 1.000000 -0.000000 0.000000
-0.000000 -0.000000 1.000000 -0.000000
-0.000130 0.032600 -0.000000 1.000000
1.000000 0.000000 0.000000 0.000000
0.000000 1.000000 0.000000 0.000000
0.000000 0.000000 1.000000 0.000000
0.000000 0.000000 0.000000 1.000000
BoneName: mixamorig:LeftHandMiddle3_$AssimpFbx$_PreRotation
BoneIndex: 86
BoneParentIndex: 85
BoneChildrenCount: 1
18
1.000000 0.000000 -0.000000 0.000000
0.000000 0.972083 0.234635 0.000000
-0.000000 -0.234635 0.972083 -0.000000
0.000000 0.000000 -0.000000 1.000000
1.000000 0.000000 0.000000 0.000000
0.000000 1.000000 0.000000 0.000000
0.000000 0.000000 1.000000 0.000000
0.000000 0.000000 0.000000 1.000000
BoneName: mixamorig:LeftHandMiddle4
BoneIndex: 87
BoneParentIndex: 18
BoneChildrenCount: 0
1.000000 0.000000 -0.000000 0.000000
0.000000 1.000000 -0.000000 0.000000
-0.000000 -0.000000 1.000000 -0.000000
0.000081 0.029068 -0.000000 1.000000
1.000000 0.000000 0.000000 0.000000
0.000000 1.000000 0.000000 0.000000
0.000000 0.000000 1.000000 0.000000
0.000000 0.000000 0.000000 1.000000
BoneName: mixamorig:LeftHandRing1_$AssimpFbx$_Translation
BoneIndex: 88
BoneParentIndex: 9
BoneChildrenCount: 1
89
1.000000 0.000000 -0.000000 0.000000
0.000000 1.000000 -0.000000 0.000000
-0.000000 -0.000000 1.000000 -0.000000
0.011880 0.105489 0.002573 1.000000
1.000000 0.000000 0.000000 0.000000
0.000000 1.000000 0.000000 0.000000
0.000000 0.000000 1.000000 0.000000
0.000000 0.000000 0.000000 1.000000
BoneName: mixamorig:LeftHandRing1_$AssimpFbx$_PreRotation
BoneIndex: 89
BoneParentIndex: 88
BoneChildrenCount: 1
19
0.999990 0.004379 -0.000000 0.000000
-0.004342 0.991393 -0.130849 0.000000
-0.000573 0.130848 0.991402 -0.000000
0.000000 0.000000 -0.000000 1.000000
1.000000 0.000000 0.000000 0.000000
0.000000 1.000000 0.000000 0.000000
0.000000 0.000000 1.000000 0.000000
0.000000 0.000000 0.000000 1.000000
BoneName: mixamorig:LeftHandRing2_$AssimpFbx$_Translation
BoneIndex: 90
BoneParentIndex: 19
BoneChildrenCount: 1
91
1.000000 0.000000 -0.000000 0.000000
0.000000 1.000000 -0.000000 0.000000
-0.000000 -0.000000 1.000000 -0.000000
0.000018 0.029397 -0.000000 1.000000
1.000000 0.000000 0.000000 0.000000
0.000000 1.000000 0.000000 0.000000
0.000000 0.000000 1.000000 0.000000
0.000000 0.000000 0.000000 1.000000
BoneName: mixamorig:LeftHandRing2_$AssimpFbx$_PreRotation
BoneIndex: 91
BoneParentIndex: 90
BoneChildrenCount: 1
20
1.000000 0.000000 -0.000000 0.000000
0.000000 0.986701 -0.162546 0.000000
-0.000000 0.162546 0.986701 -0.000000
0.000000 0.000000 -0.000000 1.000000
1.000000 0.000000 0.000000 0.000000
0.000000 1.000000 0.000000 0.000000
0.000000 0.000000 1.000000 0.000000
0.000000 0.000000 0.000000 1.000000
BoneName: mixamorig:LeftHandRing3_$AssimpFbx$_Translation
BoneIndex: 92
BoneParentIndex: 20
BoneChildrenCount: 1
93
1.000000 0.000000 -0.000000 0.000000
0.000000 1.000000 -0.000000 0.000000
-0.000000 -0.000000 1.000000 -0.000000
-0.000056 0.027898 0.000000 1.000000
1.000000 0.000000 0.000000 0.000000
0.000000 1.000000 0.000000 0.000000
0.000000 0.000000 1.000000 0.000000
0.000000 0.000000 0.000000 1.000000
BoneName: mixamorig:LeftHandRing3_$AssimpFbx$_PreRotation
BoneIndex: 93
BoneParentIndex: 92
BoneChildrenCount: 1
21
1.000000 0.000000 -0.000000 0.000000
0.000000 0.974956 0.222398 0.000000
-0.000000 -0.222398 0.974956 -0.000000
0.000000 0.000000 -0.000000 1.000000
1.000000 0.000000 0.000000 0.000000
0.000000 1.000000 0.000000 0.000000
0.000000 0.000000 1.000000 0.000000
0.000000 0.000000 0.000000 1.000000
BoneName: mixamorig:LeftHandRing4
BoneIndex: 94
BoneParentIndex: 21
BoneChildrenCount: 0
1.000000 0.000000 -0.000000 0.000000
0.000000 1.000000 -0.000000 0.000000
-0.000000 -0.000000 1.000000 -0.000000
0.000038 0.024135 0.000000 1.000000
1.000000 0.000000 0.000000 0.000000
0.000000 1.000000 0.000000 0.000000
0.000000 0.000000 1.000000 0.000000
0.000000 0.000000 0.000000 1.000000
BoneName: mixamorig:LeftHandPinky1_$AssimpFbx$_Translation
BoneIndex: 95
BoneParentIndex: 9
BoneChildrenCount: 1
96
1.000000 0.000000 -0.000000 0.000000
0.000000 1.000000 -0.000000 0.000000
-0.000000 -0.000000 1.000000 -0.000000
0.033822 0.098254 -0.001498 1.000000
1.000000 0.000000 0.000000 0.000000
0.000000 1.000000 0.000000 0.000000
0.000000 0.000000 1.000000 0.000000
0.000000 0.000000 0.000000 1.000000
BoneName: mixamorig:LeftHandPinky1_$AssimpFbx$_PreRotation
BoneIndex: 96
BoneParentIndex: 95
BoneChildrenCount: 1
22
0.999910 0.013423 -0.000000 0.000000
-0.013420 0.999681 -0.021401 0.000000
-0.000287 0.021399 0.999771 -0.000000
0.000000 0.000000 -0.000000 1.000000
1.000000 0.000000 0.000000 0.000000
0.000000 1.000000 0.000000 0.000000
0.000000 0.000000 1.000000 0.000000
0.000000 0.000000 0.000000 1.000000
BoneName: mixamorig:LeftHandPinky2_$AssimpFbx$_Translation
BoneIndex: 97
BoneParentIndex: 22
BoneChildrenCount: 1
98
1.000000 0.000000 -0.000000 0.000000
0.000000 1.000000 -0.000000 0.000000
-0.000000 -0.000000 1.000000 -0.000000
0.000054 0.025491 0.000000 1.000000
1.000000 0.000000 0.000000 0.000000
0.000000 1.000000 0.000000 0.000000
0.000000 0.000000 1.000000 0.000000
0.000000 0.000000 0.000000 1.000000
BoneName: mixamorig:LeftHandPinky2_$AssimpFbx$_PreRotation
BoneIndex: 98
BoneParentIndex: 97
BoneChildrenCount: 1
23
1.000000 0.000000 -0.000000 0.000000
0.000000 0.961442 -0.275008 0.000000
-0.000000 0.275008 0.961442 -0.000000
0.000000 0.000000 -0.000000 1.000000
1.000000 0.000000 0.000000 0.000000
0.000000 1.000000 0.000000 0.000000
0.000000 0.000000 1.000000 0.000000
0.000000 0.000000 0.000000 1.000000
BoneName: mixamorig:LeftHandPinky3_$AssimpFbx$_Translation
BoneIndex: 99
BoneParentIndex: 23
BoneChildrenCount: 1
100
1.000000 0.000000 -0.000000 0.000000
0.000000 1.000000 -0.000000 0.000000
-0.000000 -0.000000 1.000000 -0.000000
-0.000064 0.022691 -0.000000 1.000000
1.000000 0.000000 0.000000 0.000000
0.000000 1.000000 0.000000 0.000000
0.000000 0.000000 1.000000 0.000000
0.000000 0.000000 0.000000 1.000000
BoneName: mixamorig:LeftHandPinky3_$AssimpFbx$_PreRotation
BoneIndex: 100
